2970
2630
2000
2018
2020
2030
2040
2050
2060
2370
2387
2490
2340
2580
2600
2040
2590
2560
2830
2530
2820
2221
2850
2140
2880
2150
2288
2930
2960
2870
2520
2070
2480
2100
2570
2650
2430
2180
2520
2910
2440
2590
2275
2280
2220
2980
2801
2830
2220
2620
2200
2270
2230
2880
2660
2940
2811
2320
2235
2540
2235
2222
2920
2950
2460
2560
2500
2550
2430
2811
2460
2500
2870
2275
2040
2547
2890
2990
2390
2880
2240
2800
2321
2450
2328
2170
2330
2322
2400
2200
2640
2812
2845
2560
2200
2520
2260
2250
2491
2861
2390
2890
2360
2275
2382
2242
2243
2580
2870
2230
2520
2380
2840
2470
2310
2820
2870
2840
2627
2970
2900
2223
2890
2960
2860
2960
2940
2840
2460
2830
2260
2300
2431
2431
2240
2340
2290
2430
2350
2531
2550
2800
2275
2381
2880
2260
2390
2235
2222
2110
2830
2610
2160
2323
2990
2240
2040
2260
2980
2070
1070
1000
1050
1040
1140
1083
1130
1090
1081
1020
1120
1160
1030
1082
1060
1080
1210
1200
1150
1180
1190
1170
3700
3800
3930
3570
3665
3870
3960
3540
3700
3580
3830
3581
3740
3740
3850
3950
3890
3840
3631
3840
3891
3870
3960
3840
3800
3891
3590
3700
3650
3650
3540
3803
3740
3630
3941
3650
3670
3800
3800
3620
3600
3770
3960
3890
3840
3803
3840
3800
3840
3990
3740
3670
3723
3870
3545
3800
3945
3930
3930
3700
3840
3500
3940
3940
3870
3740
3870
3530
3840
3700
3971
3770
3540
3717
3831
3550
3550
3746
3840
3730
3870
3530
3530
3840
3890
3770
3950
3800
3510
3840
3640
3640
3870
3990
3740
3582
3700
3840
3700
3720
3890
3850
3511
3840
3945
3620
3650
3700
3970
3630
3560
3545
3920
3560
3680
3630
3700
3742
3630
3870
3630
3670
3670
3560
3770
3870
3891
3770
3790
3640
3890
3740
3891
3740
3670
3620
3680
3910
3700
3700
3668
3890
3850
3945
3660
3630
3870
3640
3960
3680
3800
3900
3700
3583
3990
3700
3621
3791
3950
3770
3840
3740
3700
3730
3740
3650
3870
3803
3700
3798
3732
3540
3730
3910
3500
3790
3792
3800
3700
3510
3512
3650
3511
3980
3793
3700
3960
3631
3832
3770
3870
3620
3806
3870
3724
3721
3770
3790
3840
3890
3700
3770
3630
3740
3830
3730
3700
3990
3850
3670
3803
3501
3722
3545
3800
3770
3550
3520
3690
9420
9300
9880
9991
9051
9200
9400
9404
9890
9960
9800
9890
9310
9200
9800
9860
9420
9968
9520
9150
9630
9080
9881
9111
9690
9290
9700
9120
9961
9552
9820
9660
9255
9420
9160
9170
9840
9570
9800
9280
9450
9470
9200
9400
9070
9042
9831
9630
9890
9130
9031
9700
9900
9700
9810
9160
9620
9790
9660
9140
9700
9320
9420
9420
9420
9940
9620
9680
9660
9940
9890
9000
9050
9500
9308
9860
9620
9500
9090
9800
9800
9200
9506
9620
9450
9120
9220
9850
9450
9571
9310
9550
9700
9070
9550
9308
9667
9750
9630
9472
9506
9340
9270
9120
9130
9970
9190
9451
9130
9690
9940
9910
9150
9770
9690
9270
9850
9860
9280
9340
9050
9620
9971
9820
9521
9700
9400
9570
9080
9160
9880
9920
9680
9680
9870
9990
9030
9230
9700
9402
9170
9800
9630
9700
9310
9090
9120
9820
9042
9420
9820
9850
9200
9660
9992
9500
9180
9220
9310
9860
9790
9700
9630
9820
9810
9500
9660
9700
9400
9636
9403
9850
9506
9320
9100
9400
9771
9681
9400
9870
9500
9700
9790
9520
9620
9340
9041
9968
9860
9931
9660
9255
9500
9420
9200
9700
9406
9750
9500
9290
9661
9630
9800
9790
9880
9850
9401
9551
9630
9600
9932
9630
9690
9150
9820
9860
9260
9506
9200
9688
9890
9260
9112
9040
9550
9630
9630
9051
9200
9170
9620
9982
9667
9042
9980
9550
9520
9981
9667
9630
9570
9620
9660
9830
9800
9572
9100
9170
9940
9506
9340
9140
9550
9190
9620
9140
9140
9290
9910
9620
9130
9500
9921
9800
9420
9520
9700
9400
9850
9120
9890
9506
9950
9250
9185
9772
9340
9988
9988
9700
9473
9230
9230
9260
9280
9032
9800
9790
9790
9550
9080
9506
9500
9660
9240
9060
9080
9800
9840
9750
9930
9520
9620
9870
9690
9630
9052
3200
1790
1652
1730
3460
3404
3384
3271
3128
1650
1673
3130
1852
1730
3460
1674
1910
3060
3130
1547
3360
3211
3052
1670
3190
1761
3300
3370
1785
3440
1501
1910
3380
3290
1831
3290
1700
3440
3350
1620
3080
1653
1982
3400
1671
1980
3071
1790
3078
3400
1750
1570
3450
3200
3380
3300
1755
3450
1850
1702
3150
3053
3300
1500
3440
1785
1670
1790
3440
3020
1540
1540
3191
3001
3320
1560
3471
1981
3220
3390
1654
3040
1851
1701
3293
1910
1880
3381
3140
3370
3472
3010
1755
1730
3060
3360
3470
3070
3220
1950
3300
3400
3400
3201
3061
1755
1502
1750
3000
1770
3210
1630
3350
1840
3040
1651
3360
3210
1830
1840
1745
3391
3078
1860
3320
3350
1820
1785
3272
3461
3294
1730
1910
3350
3040
3404
3350
3370
3400
1880
3221
1930
1755
1760
3300
3300
3360
1745
3350
3040
3050
1600
3321
3350
3090
3400
1760
3212
1670
1820
1800
1880
3470
1731
3202
3370
1760
3110
1601
3454
3400
3290
1703
3270
3270
3040
1640
3051
3390
1742
1750
1600
3300
3470
1700
1750
1541
1600
3220
1932
1700
1840
1820
1933
1760
1853
1790
1740
3080
3272
3390
3390
3300
3150
1570
3120
3054
3020
3370
1800
3300
1602
1570
3080
3473
3401
3401
3401
1741
3400
3290
1982
1780
3118
3150
3111
1970
3401
3018
3370
3012
3020
1861
3350
1930
1731
1980
3271
3440
8511
8700
8211
8660
8690
8570
8850
8310
8630
8580
8531
8730
8600
8480
8510
8980
8791
8800
8691
8920
8501
8370
8904
8630
8583
8680
8450
8900
8000
8630
8890
8340
8420
8630
8660
8540
8720
8792
8900
8600
8951
8600
8380
8480
8740
8630
8906
8870
8600
8460
8980
8940
8691
8570
8470
8830
8560
8610
8530
8551
8301
8587
8020
8501
8950
8340
8902
8830
8690
8377
8630
8650
8531
8480
8900
8770
8570
8870
8691
8490
8600
8870
8700
8572
8600
8956
8581
8420
8650
8300
8300
8680
8670
8510
8000
8851
8610
8500
8972
8520
8600
8920
8920
8340
8930
8880
8432
8691
8600
8860
8810
8380
8647
8647
8958
8434
8210
8433
8510
8720
8377
8930
8650
8957
8760
8430
8552
8470
8340
8560
8890
8600
8950
8377
8620
8647
8730
8800
8690
8720
8710
8670
8400
8020
8340
8600
8840
8780
8640
8553
8600
8460
8582
8980
8600
8740
8920
8647
8970
8972
8301
8620
8930
8647
8970
8972
8800
8460
8510
8880
8020
8755
8800
8433
8700
8340
8200
8710
8554
8793
8880
8600
8900
8620
8730
8310
8200
8433
8690
8433
8470
8490
8587
8587
8840
8490
8691
8630
8400
8600
8573
8700
8820
8370
8490
8210
8630
8570
8630
8600
8908
8640
8421
8902
8020
8581
8720
8790
8978
8420
8610
8940
8434
8300
8460
8954
8840
8640
8560
8710
8953
8431
8750
8640
8600
8670
8952
8630
8680
8400
8980
8610
8210
8380
8490
8470
8902
8980
8630
8904
8377
8550
8750
